1.000E-02 4.907E+00 
1.500E-02 1.548E+00 
2.000E-02 7.500E-01 
3.000E-02 3.455E-01 
4.000E-02 2.450E-01 
5.000E-02 2.062E-01 
6.000E-02 1.865E-01 
8.000E-02 1.658E-01 
1.000E-01 1.539E-01 
1.500E-01 1.355E-01 
2.000E-01 1.233E-01 
3.000E-01 1.068E-01 
4.000E-01 9.551E-02 
5.000E-01 8.714E-02 
6.000E-01 8.057E-02 
8.000E-01 7.075E-02 
1.000E+00 6.360E-02 
1.022E+00 6.294E-02 
1.250E+00 5.689E-02 
1.500E+00 5.176E-02 
2.000E+00 4.448E-02 
2.044E+00 4.395E-02 
3.000E+00 3.581E-02 
4.000E+00 3.079E-02 
5.000E+00 2.750E-02 
6.000E+00 2.521E-02 
7.000E+00 2.352E-02 
8.000E+00 2.223E-02 
9.000E+00 2.123E-02 
1.000E+01 2.042E-02 